> pattern 1 8
1 1 0 0 1 1 0 1 0 1 1 0 0 0 0 0 1 1 0 0
0 0 0 0 1 0 0 1 0 1 0 0 0 0 0 0 0 1 0 0
1 0 0 0 0 0 0 1 0 1 1 0 0 0 0 0 0 1 0 0
1 1 0 0 1 0 0 1 0 1 1 0 0 0 0 0 0 1 0 0
1 0 0 0 1 1 0 1 0 1 1 0 0 0 0 0 0 1 0 0
0 0 0 0 0 0 0 1 0 1 1 0 0 0 0 0 0 1 0 0
1 0 1 1 0 1 0 0 1 0 0 0 1 1 1 1 1 0 0 0
1 0 1 1 0 0 0 0 1 0 0 1 0 1 1 1 0 0 0 0
> pattern 2 5
1 0 1 1 0 0 0 0 1 0 0 1 1 1 0 1 0 0 0 0
1 0 0 1 0 0 0 0 1 0 0 1 0 1 1 1 1 0 0 0
1 0 0 1 0 0 0 1 1 0 0 0 0 1 1 1 1 1 0 0
0 0 1 1 0 0 0 0 1 0 0 1 1 0 0 1 1 0 0 0
1 0 1 1 0 0 0 1 1 1 0 1 1 1 1 1 1 0 0 0
> pattern 3 29
0 0 0 0 0 0 0 1 0 1 1 0 0 0 0 0 0 1 0 1
1 0 1 1 0 1 1 0 1 0 0 0 0 1 0 1 0 0 0 1
1 0 1 1 0 0 0 0 1 0 0 0 0 1 0 1 1 0 0 0
1 0 0 0 1 0 0 1 0 1 0 0 0 0 1 0 0 1 0 0
0 0 0 0 0 0 0 1 1 1 0 0 0 0 0 0 0 1 0 1
0 0 0 1 0 0 0 0 1 1 0 0 0 0 1 1 0 0 0 0
1 0 0 0 0 0 0 1 1 1 1 0 0 0 1 0 0 1 0 1
1 1 0 0 1 0 0 1 0 1 0 0 0 1 0 1 1 1 0 0
1 1 1 1 0 0 0 1 0 1 0 0 0 0 0 0 0 1 0 0
1 0 0 1 0 0 0 0 1 0 0 1 0 1 0 1 1 1 0 0
1 0 1 1 0 0 0 0 1 0 0 0 0 1 0 1 0 0 0 0
1 1 0 0 1 0 0 1 0 1 0 0 0 0 1 0 1 1 0 0
1 0 1 1 0 1 0 0 1 0 0 0 1 1 0 1 0 0 0 0
0 0 0 0 0 0 0 1 0 1 1 0 0 0 0 0 1 1 0 0
1 0 0 0 0 0 0 1 0 1 0 0 1 1 0 0 0 1 0 0
1 0 0 1 0 0 0 0 1 0 0 1 0 0 0 1 1 1 0 0
0 0 0 0 0 0 0 1 1 0 0 0 0 1 1 0 0 0 0 0
1 1 1 1 1 0 0 0 1 1 0 1 0 1 0 0 0 1 0 0
1 0 0 0 0 0 0 1 0 1 1 0 0 0 0 0 0 1 0 0
1 0 0 1 0 0 0 0 1 1 0 1 0 1 1 1 1 1 0 0
1 0 0 0 1 0 0 1 0 1 0 0 0 0 0 1 1 1 0 1
1 0 1 1 0 0 0 0 1 0 0 0 0 1 1 1 1 0 0 0
1 0 0 1 0 0 1 1 1 0 0 1 0 0 1 1 1 1 0 0
1 0 0 0 0 0 0 1 0 1 0 0 0 0 0 0 1 1 0 0
1 0 1 1 0 0 0 0 1 1 0 0 0 0 1 1 0 1 0 0
1 0 0 1 0 0 0 0 1 0 0 1 0 1 1 1 0 0 0 0
1 0 1 1 0 0 0 0 1 1 0 0 0 1 1 1 1 1 0 0
1 0 1 1 0 0 0 0 1 0 1 1 0 1 1 1 1 0 0 0
1 0 0 1 0 1 0 1 1 1 0 0 0 1 1 1 1 0 0 0
> pattern 4 18
1 0 0 1 0 1 0 0 1 1 0 0 0 1 0 1 1 1 0 0
1 0 1 1 0 1 0 0 1 0 1 0 1 1 1 1 1 0 0 0
1 0 0 1 1 0 0 0 1 1 0 1 0 1 0 1 0 0 0 0
1 0 0 0 0 0 0 1 0 1 1 0 0 0 0 0 1 1 0 1
1 0 0 0 0 0 0 1 0 1 0 0 0 0 0 0 1 1 0 0
1 0 1 1 0 0 0 0 1 1 0 1 0 1 0 1 1 0 0 0
0 0 0 0 0 0 0 0 1 0 0 1 0 0 0 0 0 0 0 0
0 0 0 0 0 0 0 1 0 1 0 0 0 0 0 0 0 1 0 0
1 0 0 0 0 0 0 1 0 1 1 0 0 0 0 1 0 1 0 0
1 0 0 1 0 0 0 1 0 1 0 1 0 0 1 0 0 1 0 0
0 0 0 0 0 0 0 0 1 0 0 0 0 1 1 0 0 0 0 0
0 0 0 0 1 0 0 1 0 1 1 0 0 0 0 0 1 1 0 0
0 0 0 0 0 0 0 1 0 1 1 1 0 0 0 0 0 1 0 0
1 1 0 0 0 0 0 1 0 1 1 0 0 0 0 1 0 1 0 0
0 0 0 0 0 0 0 0 1 0 0 0 0 0 0 0 0 0 0 0
0 1 0 0 0 0 0 1 0 1 1 0 0 0 0 0 1 1 0 0
0 0 0 0 0 1 0 0 0 0 0 0 0 0 0 0 0 0 0 0
1 0 0 0 0 1 0 1 0 0 0 1 0 0 0 0 0 0 0 0
1 0 0 1 0 0 0 1 1 1 0 0 0 0 1 1 1 1 0 0
0 0 0 1 0 0 0 0 0 0 0 1 1 0 0 0 0 0 0 0
> pattern 5 12
1 0 0 0 0 0 0 1 0 1 0 0 1 0 0 1 0 1 0 1
1 0 1 1 0 0 0 0 1 1 0 0 0 0 0 0 0 1 1 0
1 0 0 0 1 0 0 1 0 1 0 0 0 0 0 1 0 1 0 0
1 0 0 0 0 0 0 1 1 1 0 0 1 0 1 0 0 1 0 0
1 0 1 1 0 0 0 0 1 0 0 1 0 1 0 1 0 0 0 0
1 0 0 0 0 0 0 1 0 1 0 0 0 0 0 1 0 1 0 0
1 0 1 1 0 0 0 0 1 0 0 1 1 1 1 1 1 1 0 0
1 0 0 1 0 1 0 1 1 1 0 0 1 0 1 1 1 1 0 0
1 0 1 1 0 1 0 0 1 0 0 1 0 1 1 1 1 0 0 0
1 0 0 0 0 0 0 1 1 1 0 0 0 0 1 1 1 1 0 1
1 0 1 1 0 1 0 0 1 0 0 1 1 1 1 1 1 1 0 0
1 0 0 0 0 0 0 1 0 1 0 0 0 0 0 0 0 1 0 1
> pattern 6 4
1 0 1 1 0 0 0 1 1 0 0 1 0 1 1 1 1 1 0 0
1 0 0 1 0 1 0 0 1 0 0 0 1 1 0 1 0 0 0 0
1 0 0 1 0 0 1 0 1 1 0 0 0 0 1 1 1 1 0 0
0 0 0 0 0 0 0 1 0 1 1 0 0 0 0 0 0 1 0 0
> pattern 7 12
0 0 0 0 1 0 0 1 0 1 0 0 0 0 0 0 1 1 0 0
0 0 0 0 1 0 0 1 0 1 1 0 0 0 0 0 0 1 0 0
0 0 0 0 0 1 0 0 0 0 0 0 0 0 0 0 0 0 0 0
1 0 0 0 1 0 0 1 0 1 1 0 0 0 0 1 0 1 0 0
0 0 1 1 0 1 0 0 0 0 0 0 0 0 0 0 0 0 0 0
0 0 0 0 0 0 0 1 0 1 1 0 0 0 0 0 1 1 0 0
1 0 0 0 0 1 0 1 0 1 0 0 0 0 0 1 1 1 0 1
1 0 0 1 0 0 1 1 1 1 0 0 0 1 1 1 0 0 0 0
1 0 1 1 0 1 0 0 1 0 0 0 1 1 1 1 1 0 0 0
1 0 0 1 0 1 0 1 1 0 0 0 1 0 0 1 1 0 0 0
1 0 0 1 0 1 0 0 1 0 0 1 0 1 1 1 1 0 0 0
1 0 1 1 0 1 0 0 1 1 0 1 0 1 1 1 0 0 0 0
1 0 1 1 0 1 0 0 1 0 0 1 0 1 1 1 1 0 0 0
> pattern 8 14
1 0 1 1 0 0 0 1 1 1 0 0 0 0 0 1 1 1 0 0
1 0 1 1 0 1 0 0 1 1 0 1 0 1 1 1 1 0 0 0
1 0 1 1 0 1 0 0 1 0 0 1 0 1 1 1 1 1 0 0
1 0 0 1 0 0 0 0 1 0 0 0 1 0 1 0 0 1 0 0
1 0 0 1 0 0 0 0 1 0 0 1 0 0 1 1 1 0 0 0
1 0 0 0 0 0 0 1 0 1 0 0 0 0 0 0 0 1 0 1
1 0 0 0 1 1 0 1 0 1 0 0 0 0 0 0 0 1 0 0
1 1 0 0 0 1 0 0 0 0 0 0 0 0 0 1 0 0 0 0
1 1 0 0 1 0 0 1 0 1 0 0 0 0 0 0 0 1 0 1
1 0 0 0 0 0 0 1 0 1 0 0 0 0 0 1 1 1 0 0
1 0 0 0 0 0 0 0 1 1 1 0 0 0 0 1 0 1 0 1
1 0 0 0 0 0 0 1 0 0 0 1 0 0 0 1 1 1 0 0
1 0 0 0 1 0 0 1 0 1 1 0 0 0 0 0 1 1 0 1
1 0 1 1 0 0 0 0 1 0 0 1 0 1 1 1 1 0 0 0
> pattern 9 22
1 0 0 1 0 0 0 0 1 1 0 1 1 1 0 1 0 0 0 0
1 0 1 1 0 1 1 0 1 1 0 1 0 1 0 1 0 0 0 0
1 0 0 1 0 1 0 1 1 0 0 1 0 0 0 1 0 0 0 0
1 0 0 0 0 0 0 1 0 1 0 0 0 1 0 1 1 1 0 0
1 0 0 1 0 0 0 0 1 0 0 0 0 1 1 1 1 0 0 0
0 0 0 0 1 0 0 0 0 1 0 0 0 0 1 0 0 1 0 1
1 0 0 0 1 1 0 1 0 1 0 0 0 0 1 1 1 1 0 1
1 0 0 1 0 1 0 0 1 0 0 1 0 1 0 1 0 0 0 0
1 0 1 1 0 1 0 0 1 1 0 1 0 1 1 1 1 0 0 0
1 0 0 0 1 0 0 1 0 1 0 0 0 0 0 1 1 1 0 0
1 0 0 1 0 0 0 0 1 0 0 1 0 0 1 1 1 1 0 0
1 0 0 0 1 0 0 1 0 1 0 0 1 0 0 1 1 1 0 1
1 0 0 1 0 0 1 0 1 1 0 1 1 1 0 1 0 0 0 0
1 0 1 1 0 0 0 0 1 0 0 0 0 1 0 1 0 1 0 0
1 0 0 1 0 0 0 0 1 0 0 1 1 1 1 1 1 0 0 0
1 0 0 1 0 1 0 0 1 0 0 0 0 1 1 1 0 0 0 0
1 0 0 1 0 0 0 0 1 1 0 0 0 1 1 1 1 0 0 0
1 0 1 1 0 0 0 0 1 0 0 0 0 1 1 1 0 0 0 0
1 0 0 0 0 0 0 1 1 1 1 0 0 0 0 1 1 1 0 1
1 0 0 0 0 0 0 1 1 1 0 0 0 0 0 1 1 1 0 0
1 0 1 1 0 0 0 0 1 1 0 1 0 1 0 1 1 0 0 0
1 0 1 1 0 1 0 0 1 0 0 1 1 1 0 1 0 0 0 1
> pattern 10 3
0 0 0 0 1 0 0 1 0 1 1 0 0 0 0 0 0 1 0 0
1 0 1 1 0 0 0 0 1 0 0 0 0 1 1 1 1 0 0 0
1 0 1 1 0 0 0 0 1 0 0 0 0 1 1 1 1 1 0 0
> pattern 11 47
1 0 0 0 1 0 0 1 0 1 1 0 0 0 0 0 1 1 0 1
0 0 0 0 1 0 0 1 0 1 1 0 0 0 0 0 0 1 0 0
1 0 0 1 0 0 0 0 1 1 0 1 0 1 1 1 0 0 0 0
1 0 1 1 0 0 1 0 1 0 0 0 0 1 0 1 1 0 0 0
1 1 0 0 0 0 0 1 0 1 0 0 0 0 0 1 0 1 0 1
0 0 0 0 1 0 0 1 0 1 0 0 0 0 0 0 0 1 0 0
1 0 0 1 0 0 0 0 1 0 0 1 0 1 1 1 0 1 0 0
1 0 1 1 0 1 0 0 1 0 0 1 0 1 0 1 1 0 0 0
1 0 0 0 1 0 0 0 0 1 0 0 0 0 0 0 0 0 0 1
1 0 0 1 0 0 0 0 1 0 0 0 0 1 1 1 0 0 0 1
1 0 1 1 0 0 0 0 1 0 0 1 0 1 1 1 1 0 0 0
1 0 0 1 0 0 1 0 1 1 0 1 0 1 0 1 1 0 0 0
1 0 0 1 0 0 1 0 1 0 0 1 0 1 1 1 1 0 0 0
1 0 1 1 0 0 0 0 1 0 0 1 1 1 1 1 0 0 0 0
1 0 1 1 0 1 0 0 1 0 0 1 0 1 0 1 1 0 0 0
1 0 1 1 0 1 0 0 1 0 0 0 0 1 1 1 1 0 0 0
1 0 1 1 0 0 0 0 1 1 0 0 0 1 1 1 0 0 0 0
1 0 0 0 0 1 0 0 0 0 0 1 1 0 0 0 0 1 0 0
1 0 1 1 0 0 0 0 1 0 0 0 0 1 1 1 1 0 0 0
0 0 0 1 0 0 0 0 1 0 0 1 0 1 1 1 1 0 0 0
0 0 0 0 0 0 0 1 0 1 0 0 0 0 0 0 0 1 0 0
0 0 0 0 0 0 0 1 0 1 0 0 0 0 0 0 1 1 0 0
0 0 0 0 1 0 0 1 0 1 0 0 0 0 0 0 0 1 0 0
0 0 0 0 1 0 1 0 0 1 0 0 0 0 0 0 0 0 0 1
0 0 0 0 1 0 0 0 0 1 0 0 0 0 1 0 0 1 0 0
1 0 1 1 0 0 0 0 1 0 0 0 0 0 0 1 1 1 0 0
0 0 0 0 0 1 0 0 0 0 0 0 0 0 0 0 0 0 0 0
1 0 0 0 0 0 0 0 0 0 0 0 0 0 0 1 1 1 0 0
1 0 0 0 0 1 0 0 0 0 0 0 0 0 0 1 0 0 0 0
0 0 1 1 0 0 0 0 0 0 0 0 0 0 0 1 0 0 0 0
1 0 0 0 0 1 0 0 0 0 0 0 0 0 0 1 0 0 0 0
1 0 1 1 0 0 0 0 1 0 0 1 0 1 0 1 0 0 0 0
1 0 0 0 1 0 1 1 0 1 0 0 0 0 1 0 0 1 0 1
1 0 0 1 0 1 0 0 1 0 0 1 1 1 0 1 0 0 0 0
1 0 0 1 0 0 0 0 1 0 0 1 0 1 1 1 1 0 0 0
0 0 0 0 0 0 0 1 0 1 1 0 0 0 0 0 0 1 0 0
1 0 0 0 0 0 0 1 1 1 1 0 0 1 0 0 0 1 0 0
1 0 1 1 0 0 0 0 1 0 0 1 0 1 1 1 0 0 0 0
1 0 1 1 0 1 0 1 1 0 0 0 0 0 0 1 1 0 0 1
0 0 0 1 0 0 0 0 0 0 0 0 0 0 0 0 0 0 0 0
1 0 0 0 0 0 0 1 0 1 0 0 0 0 0 0 1 1 0 0
1 0 1 1 0 0 0 0 1 0 0 1 1 1 1 1 0 0 0 0
1 0 1 1 0 0 0 0 1 1 0 0 0 1 0 1 1 0 0 0
1 0 0 0 1 0 0 1 0 1 1 0 0 0 0 0 0 1 0 0
0 0 0 0 0 0 0 1 1 0 0 0 0 0 1 0 0 0 0 0
1 0 1 1 0 0 0 0 1 0 0 0 0 1 1 1 1 0 0 0
1 0 0 0 0 0 0 1 1 1 0 0 0 0 0 0 1 1 0 0
1 1 0 0 1 0 0 1 0 1 1 0 0 0 0 1 0 1 0 0
1 0 1 1 0 0 0 0 1 0 0 0 0 1 1 1 0 0 0 0
> pattern 12 7
1 0 1 1 0 0 0 0 1 1 0 0 0 1 1 1 0 0 0 0
1 0 0 0 1 0 0 1 0 1 0 0 0 0 0 0 0 1 0 1
1 0 1 1 0 1 0 0 1 0 0 1 0 1 0 1 0 0 0 0
1 0 0 1 0 0 0 0 1 0 0 1 1 1 1 1 0 0 0 0
1 0 1 1 0 1 0 0 1 0 0 1 0 1 0 1 0 0 0 0
1 0 0 1 1 0 0 1 0 1 0 0 0 0 0 0 0 1 0 1
1 0 0 1 0 1 0 0 1 0 0 1 0 1 1 1 0 0 0 0
> pattern 13 23
1 0 0 0 0 0 0 1 0 1 0 0 1 0 1 1 0 1 0 0
1 0 1 1 0 0 1 0 1 0 0 1 0 1 1 1 0 0 0 0
0 0 0 0 1 0 0 1 0 1 1 0 0 0 0 0 0 1 0 0
1 0 0 1 0 0 0 0 1 1 0 0 0 0 0 1 1 1 0 0
0 0 0 0 1 0 0 1 0 1 0 0 0 0 0 0 0 1 0 1
1 0 0 0 0 0 0 1 0 1 0 0 0 0 0 0 0 1 0 0
1 0 0 0 0 0 0 1 0 1 0 0 0 0 0 1 1 1 0 0
1 0 0 0 0 0 0 1 0 1 0 0 0 0 0 0 1 1 0 0
1 0 0 1 0 0 1 0 1 0 0 0 0 1 1 1 1 0 0 0
0 0 0 0 0 0 0 0 1 1 0 0 0 0 1 0 0 0 0 0
1 0 1 1 0 0 0 0 1 0 0 1 0 1 1 1 0 0 0 0
1 0 0 1 0 0 1 0 1 0 0 1 0 0 0 1 0 1 0 0
1 0 0 1 0 0 1 0 1 0 0 1 0 1 0 1 1 0 0 0
1 0 0 0 1 0 0 1 0 1 1 0 0 0 0 1 1 1 0 1
0 0 0 0 0 0 0 0 1 0 0 0 1 0 1 0 0 0 0 0
0 0 0 0 1 0 0 1 0 1 0 0 0 0 0 0 0 1 0 0
0 0 0 0 1 0 0 0 0 1 0 0 0 0 0 0 0 0 1 1
1 0 0 1 0 0 0 0 1 1 0 0 1 1 0 1 1 1 0 0
1 0 0 1 0 0 0 0 1 0 0 1 1 1 0 1 0 0 0 0
1 0 1 1 0 1 0 0 1 0 0 1 0 1 0 1 1 0 0 0
1 0 1 1 0 1 0 1 1 1 0 1 0 1 0 1 0 0 0 0
1 0 0 1 0 1 0 0 1 0 0 1 1 1 1 1 0 0 0 0
1 0 1 1 0 1 0 1 1 0 0 1 0 1 1 1 0 0 0 0
> pattern 14 10
1 0 0 1 0 1 0 0 1 0 0 1 0 1 1 1 1 0 0 0
1 0 1 1 0 0 0 0 1 0 0 1 0 1 1 1 0 0 0 0
1 0 0 0 1 1 0 1 1 1 0 0 0 1 0 0 0 1 0 0
0 0 0 0 1 0 1 0 0 0 0 1 0 0 0 0 0 0 0 0
1 0 0 0 0 1 0 1 0 1 0 0 1 0 0 0 0 1 0 0
1 0 0 1 0 0 0 0 1 1 0 1 1 1 0 1 0 0 0 0
1 0 1 1 0 0 0 0 1 0 0 0 1 0 0 1 0 0 0 0
0 0 0 0 0 1 0 0 0 0 0 0 0 0 0 0 0 0 0 0
0 0 0 0 0 0 0 1 0 1 0 0 0 0 0 0 1 1 0 1
1 1 0 0 1 0 0 1 1 1 0 0 0 0 0 0 1 1 0 0
0 0 0 0 0 0 0 1 0 1 0 0 0 0 0 0 0 1 0 0
> pattern 15 43
0 0 1 1 0 0 0 0 0 0 0 0 0 0 0 1 1 0 0 0
1 0 1 1 0 0 0 0 1 0 0 1 0 1 0 1 1 1 0 0
1 0 0 1 0 0 0 1 1 0 0 0 0 0 1 1 1 1 0 0
1 0 0 0 0 1 0 1 0 1 0 0 0 0 0 0 0 1 0 1
1 0 0 0 0 0 0 1 0 1 0 0 0 0 0 1 1 1 0 0
1 0 0 1 0 0 1 0 1 1 0 1 0 0 1 1 0 0 0 0
1 0 0 1 0 0 0 0 1 0 0 0 1 0 0 0 1 0 0 0
1 0 0 1 0 1 0 0 1 1 0 0 0 0 0 1 1 1 0 0
1 0 0 1 0 0 0 0 1 1 0 1 0 1 1 1 0 0 0 1
1 0 1 1 1 0 0 0 1 1 0 1 0 1 0 1 0 0 0 1
0 0 1 1 0 0 0 0 1 0 0 0 1 1 0 1 0 0 0 0
0 0 0 0 1 0 0 0 0 1 0 0 0 0 0 0 1 1 0 1
0 0 0 0 1 0 0 1 0 1 0 0 0 0 0 0 0 0 1 1
1 0 0 0 0 0 0 1 1 1 0 0 0 0 0 0 0 1 0 0
1 1 0 0 0 0 0 1 0 1 0 1 0 0 1 1 0 1 0 0
1 0 0 1 0 0 0 0 1 0 0 1 0 0 0 1 0 0 0 0
1 0 0 1 0 1 1 0 1 0 0 1 0 1 0 1 0 0 0 0
1 0 0 0 1 0 0 1 0 1 0 0 0 0 0 0 1 1 0 0
1 0 0 1 0 1 0 0 1 0 0 0 1 0 0 1 1 1 0 0
1 0 0 0 0 0 0 1 1 1 1 1 0 0 1 0 0 1 0 0
1 0 0 1 0 0 0 1 1 0 0 0 0 1 0 1 0 1 0 0
0 0 0 1 0 1 0 0 0 0 0 0 0 0 0 0 1 0 0 0
1 0 0 0 0 1 0 0 0 0 0 0 1 0 0 1 1 1 0 0
1 0 0 0 0 0 0 1 0 1 0 0 0 0 0 1 1 1 0 0
1 0 0 1 0 0 0 0 1 0 0 0 0 1 1 1 1 0 0 0
1 0 0 0 0 0 0 0 0 1 0 0 1 0 0 0 1 0 0 0
1 0 0 0 0 0 0 1 0 1 0 0 1 0 0 1 1 1 0 0
1 0 0 1 0 0 1 0 1 1 0 0 0 1 1 1 0 0 0 0
0 0 0 0 0 0 0 1 0 1 0 0 0 0 0 0 0 1 0 1
1 0 0 1 0 0 1 0 1 0 0 1 0 1 1 1 1 0 0 0
0 0 0 0 0 0 0 1 0 1 0 0 0 0 0 0 0 1 0 0
0 0 0 0 0 0 0 1 0 1 0 0 0 0 0 0 0 1 0 0
1 0 0 0 1 0 1 1 0 1 0 0 0 0 0 1 0 1 0 1
0 0 1 1 0 1 0 0 0 0 0 1 0 0 0 1 0 0 0 0
0 0 1 1 0 0 0 0 1 0 0 1 0 0 0 1 1 0 0 0
1 1 0 0 0 0 0 1 1 1 1 1 0 0 0 1 1 1 0 0
1 0 1 1 0 1 0 0 1 0 0 1 0 1 1 1 0 0 0 0
1 0 0 0 1 0 0 1 0 1 1 0 0 0 0 0 0 1 1 0
1 0 0 1 0 0 0 0 1 0 0 1 1 1 0 1 1 0 0 0
1 0 0 1 0 0 0 0 1 0 1 0 1 0 0 1 0 1 0 0
0 0 1 1 0 0 0 0 1 0 0 1 0 0 0 1 1 0 0 0
1 0 1 1 0 0 0 0 1 0 0 0 0 1 0 1 0 0 0 0
1 0 0 0 1 0 0 1 0 1 1 0 0 0 0 0 0 1 0 1
> pattern 16 3
1 0 0 1 0 0 0 0 1 0 1 0 0 1 0 1 0 0 0 0
1 0 1 1 0 0 0 0 1 0 0 1 0 1 1 1 1 0 0 0
0 0 0 0 0 0 0 1 0 1 0 0 0 0 0 0 0 1 0 0
> pattern 17 12
1 0 0 0 0 0 0 1 0 1 0 0 0 0 0 1 1 1 0 0
0 0 0 0 1 0 1 0 0 1 0 1 0 0 0 0 0 0 0 1
1 0 1 1 0 0 0 0 1 0 0 1 0 1 0 1 0 0 0 0
0 0 0 0 0 0 0 1 0 1 1 0 0 0 0 0 0 1 0 0
1 1 0 0 0 0 0 0 0 0 0 0 0 0 0 1 1 0 0 0
0 0 0 0 1 0 1 0 1 1 0 0 0 0 0 0 0 0 0 1
1 0 0 0 0 0 0 1 0 1 1 0 0 0 0 0 1 1 0 0
0 0 0 0 0 0 1 0 0 0 0 1 0 0 0 0 0 0 0 1
1 0 0 0 0 0 0 0 0 1 0 0 0 1 0 0 0 1 0 1
1 0 0 1 0 0 0 1 1 0 0 1 0 0 1 1 0 1 0 0
1 1 0 0 0 1 0 1 0 1 0 0 0 0 0 1 0 1 1 0
1 0 0 0 1 1 0 0 0 1 0 0 0 1 0 1 1 1 0 1
